0
1
5
7
9
11
13
17
18
19
20
21
22
23
25
26
35
37
38
39
41
42
43
49
53
57
67
68
69
70
79
80
81
82
88
101
102
107
109
110
111
113
115
117
118
119
123
135
137
138
139
143
152
153
156
158
161
162
170
179
194
201
209
213
218
220
259
264
311
318
323
383
366
369
371
384
387
389
401
411
427
443
444
445
445
464
465
500
512
512
513
513
514
514
515
517
518
520
520
513
524
525
530
531
532
533
540
542
543
544
546
547
548
550
554
556
560
561
563
587
591
593
604
631
636
639
646
647
648
652
654
665
666
674
691
692
695
698
699
700
701
702
706
711
712
720
749
750
782
829
860
873
901
902
911
981
989
990
991
992
993
995